2025/05/02 14 17 30 36 37
2025/05/01 06 12 14 27 38
2025/04/30 01 02 09 35 38
2025/04/29 17 27 28 29 35
2025/04/28 29 30 31 33 35
2025/04/27 08 13 20 24 30
2025/04/26 09 15 16 18 30
2025/04/25 05 20 26 27 37
2025/04/24 01 05 17 26 28
2025/04/23 05 07 11 16 34
2025/04/22 01 10 14 18 35
2025/04/21 03 05 19 24 31
2025/04/20 14 15 21 33 36
2025/04/19 07 10 12 32 38
2025/04/18 14 21 25 27 29
2025/04/17 04 07 12 15 16
2025/04/16 03 10 14 27 35
2025/04/15 09 15 22 28 31
2025/04/14 04 07 13 16 20
2025/04/13 16 23 27 28 30
2025/04/12 07 08 30 33 37
2025/04/11 12 20 21 22 23
2025/04/10 07 08 31 35 39
2025/04/09 04 11 24 25 32
2025/04/08 08 16 19 30 36
2025/04/07 08 10 18 28 38
2025/04/06 02 04 17 31 36
2025/04/05 01 21 28 31 33
2025/04/04 08 21 25 27 31
2025/04/03 09 12 26 34 38
2025/04/02 01 06 29 32 39
2025/04/01 05 07 15 18 31
2025/03/31 06 07 12 15 17
2025/03/30 08 15 16 17 32
2025/03/29 15 21 25 26 28
2025/03/28 09 10 13 24 32
2025/03/27 10 11 12 14 16
2025/03/26 03 04 09 26 38
2025/03/25 12 24 37 38 39
2025/03/24 06 18 28 32 39
2025/03/23 01 13 22 38 39
2025/03/22 01 02 30 36 38
2025/03/21 05 10 14 24 34
2025/03/20 06 09 14 27 34
2025/03/19 16 17 20 28 37
2025/03/18 06 17 21 28 35
2025/03/17 17 18 21 30 34
2025/03/16 09 22 33 34 35
2025/03/15 05 09 18 27 34
2025/03/14 13 23 33 36 38
2025/03/13 04 06 10 17 23
2025/03/12 01 05 09 14 15
2025/03/11 01 03 06 29 35
2025/03/10 05 11 22 29 36
2025/03/09 06 22 25 37 39
2025/03/08 04 16 22 29 33
2025/03/07 10 13 19 23 28
2025/03/06 02 15 17 19 22
2025/03/05 05 15 17 30 39
2025/03/04 03 04 18 23 31
2025/03/03 05 06 08 10 37
2025/03/02 04 10 30 33 37
2025/03/01 05 09 13 26 35
2025/02/28 02 03 04 28 39
2025/02/27 08 10 16 17 25
2025/02/26 05 13 14 27 35
2025/02/25 04 07 23 33 35
2025/02/24 13 24 29 38 39
2025/02/23 03 08 21 28 39
2025/02/22 09 11 16 21 36
2025/02/21 11 16 22 23 25
2025/02/20 05 15 20 30 38
2025/02/19 11 20 33 34 35
2025/02/18 08 14 28 29 37
2025/02/17 03 16 25 27 29
2025/02/16 05 06 20 27 33
2025/02/15 13 14 15 22 28
2025/02/14 12 15 16 24 25
2025/02/13 04 05 08 16 35
2025/02/12 12 17 28 32 37
2025/02/11 06 10 20 24 27
2025/02/10 17 20 28 29 36
2025/02/09 06 16 22 27 35
2025/02/08 05 11 13 27 28
2025/02/07 15 19 20 29 37
2025/02/06 08 09 30 33 39
2025/02/05 03 04 29 30 36
2025/02/04 04 29 32 34 38
2025/02/03 03 06 10 13 18
2025/02/02 02 09 29 30 31
2025/02/01 03 07 11 17 32
2025/01/31 03 10 21 22 39
2025/01/30 06 16 31 35 37
2025/01/29 02 15 18 29 36
2025/01/28 01 18 29 30 37
2025/01/27 17 27 28 32 35
2025/01/26 03 06 07 10 25
2025/01/25 05 15 25 29 39
2025/01/24 01 24 26 33 34
2025/01/23 08 14 22 34 39
